1659
8295 5658
8295 5657
8295 5656
8295 5655
8295 5654
8295 5653
8295 5652
8295 5651
8295 5650
8295 5649
8295 5648
8295 5647
8295 5646
8295 5645
8295 5644
8295 5643
8295 5642
8295 5641
8295 5640
8295 5639
8295 5638
8295 5637
8295 5636
8295 5635
8295 5634
8295 5633
8295 5632
8295 5631
8295 5630
8295 5629
8295 5628
8295 5627
8295 5626
8295 5625
8295 5624#8296 5624
8295 5623#8296 5623
8295 5622#8296 5622
8295 5621#8296 5621
8295 5620#8296 5620
8295 5619#8296 5619
8295 5618#8296 5618
8295 5617#8296 5617
8295 5616#8296 5616
8295 5615#8296 5615
8295 5614#8296 5614
8295 5613#8296 5613
8295 5612#8296 5612
8295 5611#8296 5611
8295 5610#8296 5610
8295 5609#8296 5609
8295 5608#8296 5608
8295 5607#8296 5607
8295 5606#8296 5606
8295 5605#8296 5605
8295 5604#8296 5604
8295 5603#8296 5603
8295 5602#8296 5602
8295 5601#8296 5601
8295 5600#8296 5600
8295 5599#8296 5599
8295 5598#8296 5598
8295 5597#8296 5597
8295 5596#8296 5596
8295 5595#8296 5595
8295 5594#8296 5594
8295 5593#8296 5593
8295 5592#8296 5592
8295 5591#8296 5591
8295 5590#8296 5590
8295 5589#8296 5589
8295 5588#8296 5588
8295 5587#8296 5587
8295 5586#8296 5586
8295 5585#8296 5585
8295 5584#8296 5584
8295 5583#8296 5583
8295 5582#8296 5582
8295 5581#8296 5581
8295 5580#8296 5580
8295 5579#8296 5579
8295 5578#8296 5578
8295 5577#8296 5577
8295 5576#8296 5576
8295 5575#8296 5575
8295 5574#8296 5574
8295 5573#8296 5573
8295 5572#8296 5572
8295 5571#8296 5571
8295 5570#8296 5570
8295 5569#8296 5569
8295 5568#8296 5568
8295 5567
8295 5566
8295 5565
8295 5564
8295 5563
8295 5562
8295 5561
8295 5560
8295 5559
8295 5558
8295 5557
8295 5556
8295 5555
8295 5554
8295 5553
8295 5552
8295 5551
8295 5550
8295 5549
8295 5548
8295 5547
8295 5546
8295 5545
8295 5544
8295 5543
8295 5542
8295 5541
8295 5540
8295 5539
8295 5538
8295 5537
8295 5536
8295 5535
8295 5534
8295 5533
8295 5532
8295 5531
8295 5530
8295 5529
8295 5528
8295 5527
8295 5526
8295 5525
8295 5524
8295 5523
8295 5522
8295 5521
